Bank Accounts
Account Type,Transaction Date,Description,Amount (USD),Running Balance (USD)
Checking,2024-05-30,disintermediate innovative portals for industrial solutions,$11676.85,$111676.85
Checking,2024-06-14,disintermediate visionary info-mediaries for precision engineering,$6402.59,$118079.44
Checking,2024-06-12,productize 24/365 content for machining,$6200.98,$124280.42
Checking,2024-06-23,e-enable bricks-and-clicks e-tailers for inventory management,$6925.55,$131205.97
Checking,2024-07-01,implement extensible experiences for fabrication,$4092.92,$135298.89
Checking,2024-06-18,benchmark vertical action-items for quality control,$1451.37,$136750.26
Checking,2024-08-11,visualize value-added markets for quality control,$-795.45,$135954.81
Checking,2024-06-14,reinvent bricks-and-clicks synergies for supply chain,$11730.35,$147685.16
Checking,2024-06-21,enable innovative e-commerce for industrial solutions,$-4871.24,$142813.92
Checking,2024-08-06,monetize dynamic action-items for industrial solutions,$-1401.43,$141412.49
Checking,2024-06-05,envisioneer 24/365 vortals for production line,$2791.29,$144203.78
Savings,2024-05-21,benchmark ubiquitous networks for inventory management,$13012.02,$113012.02
Savings,2024-08-11,deliver cross-platform models for supply chain,$8421.57,$121433.59
Savings,2024-06-03,synergize sticky convergence for precision engineering,$-4230.84,$117202.75
Savings,2024-06-19,unleash cross-media e-services for quality control,$8366.96,$125569.71
Savings,2024-07-04,enhance interactive action-items for precision engineering,$8211.18,$133780.89
Savings,2024-08-08,leverage plug-and-play architectures for precision engineering,$5082.22,$138863.11
Savings,2024-06-05,empower customized portals for industrial solutions,$-429.78,$138433.33
Savings,2024-07-28,incubate compelling synergies for inventory management,$12743.15,$151176.48
Savings,2024-06-25,productize magnetic paradigms for industrial solutions,$11350.60,$162527.08
Savings,2024-06-10,extend web-enabled supply-chains for industrial solutions,$14309.00,$176836.08
Savings,2024-07-01,embrace synergistic content for logistics,$6591.63,$183427.71
Savings,2024-06-13,innovate proactive models for industrial solutions,$5614.37,$189042.08
Savings,2024-08-09,maximize viral channels for precision engineering,$-2023.90,$187018.18